Model Name,Date,Train Time,Batch Size,Epoch #,Epochs,Loss,Accuracy,True Positives,True Negatives,False Positives,False Negatives,AUC,Validation Loss,Validation Accuracy,Validation True Positives,Validation True Negatives,Validation False Positives,Validation False Negatives,Validation AUC
base,21/04/2020 10:40,887.564572095871,32,0,10,0.19297523868186173,0.938166081905365,128967.0,128963.0,8392.0,8608.0,0.9759544134140016,0.13923041340158934,0.9586600661277772,6990.0,6947.0,373.0,228.0,0.9844982624053956
base,21/04/2020 10:40,887.564572095871,32,1,10,0.13868357648354382,0.9575710296630859,130472.0,132793.0,6887.0,4778.0,0.9842974543571472,0.11680065061395313,0.9649882912635804,7043.0,6986.0,320.0,189.0,0.9886708855628968
base,21/04/2020 10:40,887.564572095871,32,2,10,0.12550956449078365,0.9616047739982604,130993.0,133381.0,6366.0,4190.0,0.9867727160453796,0.10923489589797104,0.9672582149505616,7053.0,7009.0,310.0,166.0,0.9899049997329712
base,21/04/2020 10:40,887.564572095871,32,3,10,0.11840397936508758,0.963667094707489,131261.0,133680.0,6098.0,3891.0,0.9880200624465942,0.10707877732558138,0.9659513235092164,7129.0,6914.0,234.0,261.0,0.9908682107925416
base,21/04/2020 10:40,887.564572095871,32,4,10,0.11371411882798625,0.96490740776062,131403.0,133879.0,5956.0,3692.0,0.9888638854026794,0.09952331966867736,0.9693905711174012,7097.0,6996.0,266.0,179.0,0.9914277791976928
base,21/04/2020 10:40,887.564572095871,32,5,10,0.1099118200374626,0.9657112956047058,131487.0,134016.0,5872.0,3555.0,0.9895301461219788,0.09695553388789938,0.9698032736778259,7096.0,7003.0,267.0,172.0,0.9916415214538574
base,21/04/2020 10:40,887.564572095871,32,6,10,0.10713860467176572,0.9665587544441224,131664.0,134072.0,5695.0,3499.0,0.9899661540985109,0.09593589675969827,0.9698720574378968,7126.0,6974.0,237.0,201.0,0.9920456409454346
base,21/04/2020 10:40,887.564572095871,32,7,10,0.10400952680029447,0.9675699472427368,131790.0,134224.0,5569.0,3347.0,0.9904981851577759,0.09188236447233357,0.9711101651191713,7138.0,6980.0,225.0,195.0,0.9928220510482788
base,21/04/2020 10:40,887.564572095871,32,8,10,0.10186586194094024,0.9679954648017884,131860.0,134271.0,5499.0,3300.0,0.9909201860427856,0.08865399194376772,0.9722795486450196,7130.0,7005.0,233.0,170.0,0.9932450652122498
base,21/04/2020 10:40,887.564572095871,32,9,10,0.09923590019283496,0.9687520265579224,131987.0,134352.0,5372.0,3219.0,0.9913848042488098,0.08819274966266638,0.9717292785644532,7153.0,6974.0,210.0,201.0,0.9935154318809508
square,21/04/2020 10:56,930.0297181606293,32,0,10,0.4130930681710453,0.7736114859580994,105092.0,107597.0,32267.0,29974.0,0.8849901556968689,0.13913490017164948,0.9609987735748292,7025.0,6946.0,338.0,229.0,0.9857758879661559
square,21/04/2020 10:56,930.0297181606293,32,1,10,0.15255987767481216,0.9523260593414308,130198.0,131625.0,7161.0,5946.0,0.9828495979309082,0.11628257309304815,0.96409410238266,7051.0,6965.0,312.0,210.0,0.9890493750572203
square,21/04/2020 10:56,930.0297181606293,32,2,10,0.13305795382781074,0.9582002758979796,130816.0,132622.0,6543.0,4949.0,0.9861919283866882,0.10525590188730563,0.9679460525512696,7076.0,6996.0,287.0,179.0,0.990860641002655
square,21/04/2020 10:56,930.0297181606293,32,3,10,0.12235926535361695,0.9615393280982972,131170.0,133186.0,6189.0,4385.0,0.9880139827728271,0.09964586687163453,0.968152403831482,7133.0,6942.0,230.0,233.0,0.9920090436935424
square,21/04/2020 10:56,930.0297181606293,32,4,10,0.11353170846111645,0.9643218517303468,131527.0,133594.0,5832.0,3977.0,0.9894658923149108,0.0931925109658974,0.9706974625587464,7121.0,6991.0,242.0,184.0,0.9922817945480348
square,21/04/2020 10:56,930.0297181606293,32,5,10,0.10760930901247563,0.9659040570259094,131768.0,133788.0,5591.0,3783.0,0.9904503226280212,0.08958709630733393,0.9720044136047364,7142.0,6989.0,221.0,186.0,0.9925768375396729
square,21/04/2020 10:56,930.0297181606293,32,6,10,0.10375826066958853,0.9671843647956848,131878.0,134030.0,5481.0,3541.0,0.9910514354705808,0.08875926379560256,0.9711101651191713,7157.0,6961.0,206.0,214.0,0.99297833442688
square,21/04/2020 10:56,930.0297181606293,32,7,10,0.10063368891147097,0.9685083627700806,132059.0,134213.0,5300.0,3358.0,0.9913613200187684,0.08436332496075548,0.972829818725586,7156.0,6987.0,207.0,188.0,0.9935638904571532
square,21/04/2020 10:56,930.0297181606293,32,8,10,0.09775747520057046,0.9694976806640624,132223.0,134321.0,5136.0,3250.0,0.9917197227478028,0.08332968511788949,0.9734488725662231,7160.0,6992.0,203.0,183.0,0.9938200116157532
square,21/04/2020 10:56,930.0297181606293,32,9,10,0.09485099806468228,0.9698905348777772,132259.0,134393.0,5100.0,3178.0,0.9922685623168944,0.08054332008239659,0.9746870398521424,7183.0,6987.0,180.0,188.0,0.994312345981598
taylor_sigmoid,21/04/2020 11:17,1294.6148524284365,32,0,10,0.4136290863337888,0.7847852110862732,108881.0,106880.0,28478.0,30691.0,0.8875361680984497,0.1941239797198997,0.9349979162216188,6884.0,6709.0,479.0,466.0,0.9750138521194458
taylor_sigmoid,21/04/2020 11:17,1294.6148524284365,32,1,10,0.1972689308729354,0.93304842710495,128128.0,128395.0,9231.0,9176.0,0.9736875295639038,0.1656903686853399,0.94462788105011,6991.0,6742.0,372.0,433.0,0.9799885153770448
taylor_sigmoid,21/04/2020 11:17,1294.6148524284365,32,2,10,0.17584203823068129,0.942516267299652,129148.0,129978.0,8211.0,7593.0,0.977756679058075,0.15597088601963446,0.9524694085121156,6925.0,6922.0,438.0,253.0,0.9819185137748718
taylor_sigmoid,21/04/2020 11:17,1294.6148524284365,32,3,10,0.16710186987325076,0.9460408091545104,129460.0,130635.0,7899.0,6936.0,0.979377806186676,0.14990148557103275,0.9523318409919742,7046.0,6799.0,317.0,376.0,0.9828718900680542
taylor_sigmoid,21/04/2020 11:17,1294.6148524284365,32,4,10,0.16136011568167433,0.9487506151199341,129760.0,131080.0,7599.0,6491.0,0.9803113341331482,0.1443161677914057,0.9544641375541688,6998.0,6878.0,365.0,297.0,0.9835338592529296
taylor_sigmoid,21/04/2020 11:17,1294.6148524284365,32,5,10,0.15763190009974404,0.9501181840896606,129880.0,131336.0,7479.0,6235.0,0.9809134006500244,0.14028058519125935,0.9572843313217164,7008.0,6909.0,355.0,266.0,0.9841787815093994
taylor_sigmoid,21/04/2020 11:17,1294.6148524284365,32,6,10,0.15458696943071967,0.9513985514640808,129990.0,131578.0,7369.0,5993.0,0.9813562631607056,0.1406064232918186,0.9554959535598756,7061.0,6830.0,302.0,345.0,0.9844701886177064
taylor_sigmoid,21/04/2020 11:17,1294.6148524284365,32,7,10,0.15217912737466446,0.9521514773368835,130026.0,131749.0,7333.0,5822.0,0.9817371964454652,0.1348640625023632,0.9582473635673524,7035.0,6896.0,328.0,279.0,0.984946072101593
taylor_sigmoid,21/04/2020 11:17,1294.6148524284365,32,8,10,0.14940464319303198,0.9530025720596312,130078.0,131931.0,7281.0,5640.0,0.9822214245796204,0.13349178188089278,0.958728849887848,7051.0,6887.0,312.0,288.0,0.9852076768875122
taylor_sigmoid,21/04/2020 11:17,1294.6148524284365,32,9,10,0.14755014318180018,0.9539119005203248,130177.0,132082.0,7182.0,5489.0,0.9825057983398438,0.13013545993071324,0.9600357413291932,7042.0,6915.0,321.0,260.0,0.9855896234512328
chebyshev_sigmoid,21/04/2020 11:40,1335.1647801399229,32,0,10,0.4506961346261218,0.7633361220359802,106272.0,103592.0,31087.0,33979.0,0.865213930606842,0.20099458005343365,0.9322465062141418,6861.0,6692.0,502.0,483.0,0.97407329082489
chebyshev_sigmoid,21/04/2020 11:40,1335.1647801399229,32,1,10,0.19916932830499687,0.9324228167533876,128187.0,128164.0,9172.0,9407.0,0.9736528992652892,0.17517727401893196,0.941532552242279,6982.0,6706.0,381.0,469.0,0.9788237810134888
chebyshev_sigmoid,21/04/2020 11:40,1335.1647801399229,32,2,10,0.1810473916230819,0.9408904314041138,129112.0,129567.0,8247.0,8004.0,0.9771331548690796,0.16061620982711033,0.9493740797042848,6950.0,6852.0,413.0,323.0,0.9813452959060668
chebyshev_sigmoid,21/04/2020 11:40,1335.1647801399229,32,3,10,0.1700861847719794,0.9453824758529664,129579.0,130335.0,7780.0,7236.0,0.9790164232254028,0.15316893646798746,0.9505434036254884,7040.0,6779.0,323.0,396.0,0.9827475547790528
chebyshev_sigmoid,21/04/2020 11:40,1335.1647801399229,32,4,10,0.16375007063136313,0.9479212760925292,129799.0,130813.0,7560.0,6758.0,0.9800594449043274,0.14749576036163234,0.9532948136329652,7003.0,6856.0,360.0,319.0,0.9832428097724916
chebyshev_sigmoid,21/04/2020 11:40,1335.1647801399229,32,5,10,0.15817968931393414,0.9502491354942322,129923.0,131329.0,7436.0,6242.0,0.9809749722480774,0.1418954988697861,0.9565277099609376,7007.0,6899.0,356.0,276.0,0.984059989452362
chebyshev_sigmoid,21/04/2020 11:40,1335.1647801399229,32,6,10,0.1540873835952383,0.9519878029823304,130107.0,131623.0,7252.0,5948.0,0.9816704392433168,0.14028150617998425,0.9550832509994508,7071.0,6814.0,292.0,361.0,0.9848209619522096
chebyshev_sigmoid,21/04/2020 11:40,1335.1647801399229,32,7,10,0.150196576196788,0.953086256980896,130198.0,131834.0,7161.0,5737.0,0.9824326634407043,0.13358849541381898,0.9587976336479188,7059.0,6880.0,304.0,295.0,0.9856745600700378
chebyshev_sigmoid,21/04/2020 11:40,1335.1647801399229,32,8,10,0.14704973437839175,0.954275608062744,130283.0,132076.0,7076.0,5495.0,0.9830470085144044,0.1278837371401285,0.9612051248550416,7051.0,6923.0,312.0,252.0,0.9868418574333192
chebyshev_sigmoid,21/04/2020 11:40,1335.1647801399229,32,9,10,0.14398148747223566,0.9552577137947084,130390.0,132239.0,6969.0,5332.0,0.9836061000823976,0.12631888796719762,0.9614802598953248,7069.0,6909.0,294.0,266.0,0.987154185771942
taylor_tanh,21/04/2020 12:05,1531.5414958000185,32,0,10,0.19061329248165665,0.9359363913536072,128543.0,128774.0,8816.0,8797.0,0.9757771492004396,0.15989596155814315,0.9508185386657716,6931.0,6892.0,432.0,283.0,0.9810464382171632
taylor_tanh,21/04/2020 12:05,1531.5414958000185,32,1,10,0.16075277803330562,0.9481468200683594,129550.0,131124.0,7809.0,6447.0,0.9805480241775512,0.13683735027710436,0.9579722285270692,7002.0,6925.0,361.0,250.0,0.9849694967269896
taylor_tanh,21/04/2020 12:05,1531.5414958000185,32,2,10,0.14347226919564798,0.9543483853340148,130216.0,132163.0,7143.0,5408.0,0.9838114380836488,0.12471886560134307,0.96278715133667,6947.0,7050.0,416.0,125.0,0.9884598851203918
taylor_tanh,21/04/2020 12:05,1531.5414958000185,32,3,10,0.1308504283183209,0.9585276246070862,130681.0,132847.0,6678.0,4724.0,0.9862716794013976,0.1112727565243215,0.964438021183014,7103.0,6918.0,260.0,257.0,0.9898898005485536
taylor_tanh,21/04/2020 12:05,1531.5414958000185,32,4,10,0.1252735699054648,0.960371732711792,130906.0,133129.0,6453.0,4442.0,0.9873286485671996,0.1060710756477414,0.9666391611099244,7055.0,6998.0,308.0,177.0,0.9905428886413574
taylor_tanh,21/04/2020 12:05,1531.5414958000185,32,5,10,0.1214776990043416,0.9614774584770204,131085.0,133254.0,6274.0,4317.0,0.9879556894302368,0.10361241517863448,0.9676021337509156,7075.0,6992.0,288.0,183.0,0.990644633769989
taylor_tanh,21/04/2020 12:05,1531.5414958000185,32,6,10,0.11856974907786068,0.9625759124755859,131197.0,133444.0,6162.0,4127.0,0.9884162545204164,0.10525456219752703,0.9669830799102784,7100.0,6958.0,263.0,217.0,0.9906135797500608
taylor_tanh,21/04/2020 12:05,1531.5414958000185,32,7,10,0.1161495051840378,0.9629796743392944,131282.0,133470.0,6077.0,4101.0,0.9888420701026917,0.10018203573931543,0.9675333499908448,7110.0,6956.0,253.0,219.0,0.9913749098777772
taylor_tanh,21/04/2020 12:05,1531.5414958000185,32,8,10,0.11513832375698273,0.9636089205741882,131394.0,133531.0,5965.0,4040.0,0.9890298843383788,0.09685254059547464,0.9689090847969056,7123.0,6963.0,240.0,212.0,0.992197573184967
taylor_tanh,21/04/2020 12:05,1531.5414958000185,32,9,10,0.11323453933607602,0.9641399383544922,131426.0,133645.0,5933.0,3926.0,0.989414632320404,0.0958772869912626,0.9702847599983216,7081.0,7025.0,282.0,150.0,0.9920603632926941
taylor_relu,21/04/2020 12:28,1347.2468478679655,32,0,10,0.2281908205621904,0.9271814823150636,127748.0,127162.0,9611.0,10409.0,0.9702017903327942,0.17831749767618538,0.9453845024108888,6920.0,6824.0,443.0,351.0,0.9783318042755128
taylor_relu,21/04/2020 12:28,1347.2468478679655,32,1,10,0.1733511887938711,0.9439712166786194,129286.0,130240.0,8073.0,7331.0,0.9787039756774902,0.15218238397860792,0.953019678592682,6956.0,6899.0,407.0,276.0,0.9824734330177308
taylor_relu,21/04/2020 12:28,1347.2468478679655,32,2,10,0.15490401932302422,0.9506819844245912,129879.0,131492.0,7480.0,6079.0,0.9817408323287964,0.13677704080678948,0.9595542550086976,6953.0,6997.0,410.0,178.0,0.9857900142669678
taylor_relu,21/04/2020 12:28,1347.2468478679655,32,3,10,0.14280528592000172,0.9548575878143308,130285.0,132234.0,7074.0,5337.0,0.9840694069862366,0.122310106805388,0.9616178274154664,7073.0,6907.0,290.0,268.0,0.9879776239395142
taylor_relu,21/04/2020 12:28,1347.2468478679655,32,4,10,0.13554310613444176,0.9571999907493592,130645.0,132518.0,6714.0,5053.0,0.9854558706283568,0.11765929551359253,0.9638189673423768,7035.0,6977.0,328.0,198.0,0.9886715412139891
taylor_relu,21/04/2020 12:28,1347.2468478679655,32,5,10,0.12999251111715873,0.9589713811874392,130838.0,132812.0,6521.0,4759.0,0.9865249991416932,0.11414253961590595,0.9652634263038636,7052.0,6981.0,311.0,194.0,0.9891048073768616
taylor_relu,21/04/2020 12:28,1347.2468478679655,32,6,10,0.1269699177344763,0.9596078991889954,130964.0,132861.0,6395.0,4710.0,0.9869980216026306,0.11182052918518527,0.9649882912635804,7080.0,6949.0,283.0,226.0,0.9895973205566406
taylor_relu,21/04/2020 12:28,1347.2468478679655,32,7,10,0.12362994850129005,0.9609464406967164,131105.0,133088.0,6254.0,4483.0,0.9876237511634828,0.10680332166228733,0.9659513235092164,7103.0,6940.0,260.0,235.0,0.9906824231147766
taylor_relu,21/04/2020 12:28,1347.2468478679655,32,8,10,0.1214074681638518,0.9619612097740172,131242.0,133230.0,6117.0,4341.0,0.987956404685974,0.10286798426572144,0.96842759847641,7088.0,6991.0,275.0,184.0,0.9911561608314514
taylor_relu,21/04/2020 12:28,1347.2468478679655,32,9,10,0.1190333928594725,0.9622921943664552,131230.0,133333.0,6129.0,4238.0,0.9884012937545776,0.10144727399798482,0.9678772687911988,7085.0,6986.0,278.0,189.0,0.9913568496704102
chebyshev_relu,21/04/2020 12:54,1583.5724663734436,32,0,10,0.2299073634823993,0.9265413284301758,127780.0,126954.0,9579.0,10617.0,0.9695080518722534,0.17418497853101014,0.9432521462440492,6907.0,6806.0,456.0,369.0,0.9789496064186096
chebyshev_relu,21/04/2020 12:54,1583.5724663734436,32,1,10,0.1739030933977843,0.9417197108268738,128989.0,129918.0,8370.0,7653.0,0.9785882234573364,0.15287201429827044,0.9487549662590028,6978.0,6815.0,385.0,360.0,0.9826092720031738
chebyshev_relu,21/04/2020 12:54,1583.5724663734436,32,2,10,0.16075650969029634,0.947804868221283,129676.0,130904.0,7683.0,6667.0,0.98089337348938,0.14715331795701364,0.956046223640442,6929.0,6970.0,434.0,205.0,0.9843250513076782
chebyshev_relu,21/04/2020 12:54,1583.5724663734436,32,3,10,0.1528705407758809,0.9511584639549256,129967.0,131535.0,7392.0,6036.0,0.98226135969162,0.1353126486732865,0.9579722285270692,7034.0,6893.0,329.0,282.0,0.9854320883750916
chebyshev_relu,21/04/2020 12:54,1583.5724663734436,32,4,10,0.14621631067772073,0.9539992213249208,130219.0,132064.0,7140.0,5507.0,0.9833850264549256,0.12977488993909606,0.9607236385345459,7007.0,6960.0,356.0,215.0,0.9866101145744324
chebyshev_relu,21/04/2020 12:54,1583.5724663734436,32,5,10,0.13954156640815032,0.9562724828720092,130475.0,132433.0,6884.0,5138.0,0.9846227765083312,0.12362365389219962,0.9629247784614564,7023.0,6976.0,340.0,199.0,0.9875499606132508
chebyshev_relu,21/04/2020 12:54,1583.5724663734436,32,6,10,0.1333350098322678,0.9580620527267456,130682.0,132718.0,6677.0,4853.0,0.9858776926994324,0.11854100577642918,0.9627183675765992,7081.0,6915.0,282.0,260.0,0.9884170889854432
chebyshev_relu,21/04/2020 12:54,1583.5724663734436,32,7,10,0.12946267726210586,0.9592914581298828,130845.0,132893.0,6514.0,4678.0,0.9866001605987548,0.1122083872985128,0.9636813998222352,7075.0,6935.0,288.0,240.0,0.9896024465560912
chebyshev_relu,21/04/2020 12:54,1583.5724663734436,32,8,10,0.12646128661133552,0.9598770737648008,130942.0,132957.0,6417.0,4614.0,0.9871588349342346,0.10925919381925453,0.9655385613441468,7069.0,6968.0,294.0,207.0,0.9900831580162048
chebyshev_relu,21/04/2020 12:54,1583.5724663734436,32,9,10,0.12406707126180434,0.960531771183014,131016.0,133063.0,6343.0,4508.0,0.987621247768402,0.10734233668596496,0.9663640260696412,7083.0,6966.0,280.0,209.0,0.9903118014335632
chebyshev_integral_relu,21/04/2020 13:20,1569.3805174827576,32,0,10,0.25436606706874365,0.8992507457733154,123760.0,123471.0,13599.0,14100.0,0.961416482925415,0.1689066540151076,0.9470353722572328,6891.0,6877.0,472.0,298.0,0.9797241091728208
chebyshev_integral_relu,21/04/2020 13:20,1569.3805174827576,32,1,10,0.17356480666314408,0.944360375404358,129334.0,130299.0,8025.0,7272.0,0.9782273769378662,0.1502926619875905,0.9512312412261964,6996.0,6833.0,367.0,342.0,0.9825676083564758
chebyshev_integral_relu,21/04/2020 13:20,1569.3805174827576,32,2,10,0.1616848622202912,0.9488924741744996,129714.0,131165.0,7645.0,6406.0,0.9803245067596436,0.14201397765599513,0.9581785798072816,6961.0,6969.0,402.0,206.0,0.9847856163978576
chebyshev_integral_relu,21/04/2020 13:20,1569.3805174827576,32,3,10,0.15242284186620986,0.9520787000656128,130032.0,131723.0,7327.0,5848.0,0.9820366501808168,0.13139176139117828,0.9605860710144044,7049.0,6916.0,314.0,259.0,0.9860891699790956
chebyshev_integral_relu,21/04/2020 13:20,1569.3805174827576,32,4,10,0.1440209281989041,0.9550758600234984,130309.0,132270.0,7050.0,5301.0,0.9837382435798644,0.13004224555645574,0.9620305299758912,7013.0,6973.0,350.0,202.0,0.9862334728240968
chebyshev_integral_relu,21/04/2020 13:20,1569.3805174827576,32,5,10,0.13756659344715105,0.9569999575614928,130601.0,132507.0,6758.0,5064.0,0.9850078821182252,0.12065103496448555,0.964438021183014,7040.0,6981.0,323.0,194.0,0.98774915933609
chebyshev_integral_relu,21/04/2020 13:20,1569.3805174827576,32,6,10,0.1323701617687326,0.9587494730949402,130795.0,132794.0,6564.0,4777.0,0.985973060131073,0.11640899856830438,0.963406264781952,7092.0,6914.0,271.0,261.0,0.9889758229255676
chebyshev_integral_relu,21/04/2020 13:20,1569.3805174827576,32,7,10,0.1288817165787002,0.9595060348510742,130907.0,132890.0,6452.0,4681.0,0.9866470098495485,0.11256014218961076,0.9635438323020936,7077.0,6931.0,286.0,244.0,0.9897083044052124
chebyshev_integral_relu,21/04/2020 13:20,1569.3805174827576,32,8,10,0.12488636618091001,0.9606409072875975,131000.0,133109.0,6359.0,4462.0,0.98739755153656,0.10859173173995806,0.9663640260696412,7052.0,6997.0,311.0,178.0,0.9904200434684752
chebyshev_integral_relu,21/04/2020 13:20,1569.3805174827576,32,9,10,0.12320482149055972,0.9611973762512208,131104.0,133158.0,6255.0,4413.0,0.9877214431762696,0.10991837900408173,0.9660201072692872,7071.0,6973.0,292.0,202.0,0.9900990128517152
chebyshev_integral_relu,21/04/2020 15:16,140.14700889587402,32,0,1,0.24126716282591185,0.9069362878799438,124705.0,124639.0,12654.0,12932.0,0.9653509259223938,0.16910012063494345,0.9467602372169496,6933.0,6831.0,430.0,344.0,0.97954523563385
test,22/04/2020 11:13,2.641836404800415,32,0,1,0.6954595232009888,0.4000000059604645,29.0,11.0,21.0,39.0,0.397599995136261,0.6968147182464599,0.3100000023841858,24.0,7.0,24.0,45.0,0.2796474099159241
test,22/04/2020 11:14,1.728095531463623,32,0,1,0.6944795155525207,0.479999989271164,34.0,14.0,16.0,36.0,0.4708000421524048,0.6937709426879883,0.5099999904632568,43.0,8.0,5.0,44.0,0.5224359035491943
test,22/04/2020 11:14,2.1095664501190186,32,0,1,0.6906615495681763,0.5799999833106995,16.0,42.0,34.0,8.0,0.6359999775886536,0.6890933084487915,0.699999988079071,20.0,50.0,28.0,2.0,0.7411859035491943
test,22/04/2020 11:15,1.9212665557861328,32,0,1,0.6944795155525207,0.479999989271164,34.0,14.0,16.0,36.0,0.4708000421524048,0.6937709426879883,0.5099999904632568,43.0,8.0,5.0,44.0,0.5224359035491943
test,22/04/2020 11:16,2.1155519485473637,32,0,1,0.6949340105056763,0.4699999988079071,27.0,20.0,23.0,30.0,0.402400016784668,0.6939155483245849,0.5199999809265137,23.0,29.0,25.0,23.0,0.4354967772960663
test,22/04/2020 11:17,1.874591588973999,32,0,1,0.6949340105056763,0.4699999988079071,27.0,20.0,23.0,30.0,0.40240001678466797,0.6939155483245849,0.5199999809265137,23.0,29.0,25.0,23.0,0.4354967772960663
test,22/04/2020 11:20,1.3717761039733891,32,0,1,0.6917109441757202,0.5199999809265137,22.0,30.0,28.0,20.0,0.6452000141143799,0.6924221849441529,0.5699999928474426,25.0,32.0,23.0,20.0,0.5693109035491943
test,22/04/2020 11:21,2.28997802734375,32,0,1,0.6899969244003296,0.6200000047683716,36.0,26.0,14.0,24.0,0.6759999394416809,0.6898404216766357,0.6100000143051147,36.0,25.0,12.0,27.0,0.6947115063667297
test,22/04/2020 11:21,2.0631577968597408,32,0,1,0.6899977493286132,0.6700000166893005,38.0,29.0,12.0,21.0,0.7081999778747559,0.6908314704895021,0.6800000071525574,38.0,30.0,10.0,22.0,0.676081657409668
test,22/04/2020 11:46,1.70072340965271,32,0,1,0.6925419569015503,0.5400000214576721,38.0,16.0,12.0,34.0,0.5498000383377075,0.6931301355361938,0.47999998927116394,38.0,10.0,10.0,42.0,0.5352564454078674
